"Y" <-
c(1.512122491169867, 1.810703532501386, 1.8975737632509382, 1.6536109168050745, 1.757365657487588, 1.6715088510717528, 1.6681248887876396, 1.4602812781779104, 1.6219237052958055, 2.0433544174163836, 1.3831634351871525, 2.0067483488570823, 1.400612236177081, 1.2980754518165296, 2.0480104025288317, 1.4670854540721978, 1.7811339969056794, 1.6006386106609873, 1.6143719503304343, 1.6788769563899097, 1.5800715069766587, 1.2268910555236789, 1.7212185164463916, 2.1149644134631496, 1.5560539166843006, 1.5767316941738931, 1.9870765288762973, 1.906734667446774, 1.5253687865236363, 1.5098796549187463, 1.5039295261811061, 1.7492793705695404, 1.5851425063426754, 1.2713698970872869, 1.6983015452459429, 1.6363765502391281, 1.4269892101739061, 1.9527614554872852, 1.6811525598660613, 2.0857257252083654, 1.9422993048943213, 2.1914789604435994, 1.2010555635620646, 1.5990267337099504, 1.6480446670441591, 1.9750074172973693, 1.4409436983616946, 1.6093200875153924, 1.6085891407516169, 2.1619097834778462, 1.3951061315708915, 2.0592376695632266, 2.0373109363287623, 1.7806895079084437, 1.5608256861992091, 1.6157733535532364, 1.4862306432543078, 1.5453194893517352, 1.5479432232385151, 1.4975198320478422, 1.6453348121073106, 1.5002131397923206, 1.550840826708179, 1.8085242543659743, 1.6742666779843989, 1.6188531494868035, 1.576223832882695, 1.6342323436631234, 1.5906557323723185, 1.7440205833348918, 1.3962778269589569, 1.4761009126653299, 1.9321783845909188, 2.0576394825915374, 1.686442312578261, 1.5585261765437657, 1.9845556653223233, 1.4481387389490306, 1.4774786767245531, 1.8935287446627604, 1.8065415093324055, 2.1653956942655275, 1.4749836166068415, 1.5717903271477909, 1.3938926924492019, 1.6401006412733929, 2.1763691186185201, 1.8637230594902028, 1.7632400082028985, 1.5942853448679821, 1.7601984925783767, 1.6301969357713462, 1.3962220205129605, 1.3981796730847542, 1.7921969137856459, 1.7366378869768664, 1.3627820798152308, 1.6854264248712081, 2.0671527204680049, 2.16680888314098, 1.7959960453289909, 1.9553678032194453, 2.0070774747984239, 1.752778831628526, 1.6286821075798743, 1.8712213883575919, 1.8694998431341332, 1.5970487468513279, 1.4724595068157817, 1.2853750020804096, 1.9069666262874192, 1.8703787365406779, 1.2810310934486759, 1.7089941982359749, 2.0535624312635345, 1.3416086031907153, 1.5023929759943286, 1.3392168390563557, 1.3486066220664534, 1.9527953480141884, 1.3307261906247378, 1.6626218573423188, 1.647042443675327, 1.2568523900591431, 1.4907911325801655, 1.4452818651952031, 2.1006634227767713, 1.7796765614301389, 1.2311049766722086, 1.6240695386897204, 2.0638847916839098, 1.6494662956706838, 1.6274662243790401, 2.1407719334448743, 1.6519667162474585, 1.6161561086212128, 1.5223098814008356, 1.3227731838567014, 1.6632296345328677, 1.4302411914218658, 1.9497134111912051, 1.7991219685031845, 1.6563330218477736, 1.4227687073908459, 1.6006200922430567, 1.3889213924305259, 1.4920224393151291, 1.502722012321926, 1.7119353902479417, 1.7063447603218869, 1.6777912150653747, 1.4199078578646549, 1.734026529249205, 1.6396328895645091, 1.8793149794307449, 1.6381206990871278, 1.5582152102105018, 1.7095294422546981, 1.5785154355929287, 1.804150340693975, 1.5129377496733163, 1.7111565650817022, 1.7635402965800442, 1.7000439884289045, 1.7638523464711808, 1.4324529588851243, 1.2102435888677789, 1.8296349970958743, 2.108270659042522, 1.7660028998216879, 1.4958827610968428, 1.8489971997048091, 1.5244545434408672, 1.3759743661761916, 1.7085619591889754, 1.5437788320323953, 1.8019954017722757, 1.3900231912119203, 1.5534363714260315, 2.1126787181066615, 1.6522134533162796, 1.529525313818195, 1.9032169995532184, 1.2606723028841023, 1.4990158815981416, 1.3090443264760734, 1.5248593820525407, 1.6512683198166926, 1.9291265726954774, 2.0052749140870025, 1.8823321079968887, 1.4914793576885343, 1.6986276453771267, 1.215600555633449, 1.5225642021970986, 1.5106334685917293, 1.7634834000140849, 1.5529977655695926, 1.6528311323215363, 1.4187403366403599, 1.8970296630812755, 1.7521729533443988, 1.8062213657041506, 1.6310143358217393, 1.8443721619524553, 1.5241454703094259, 1.5388463389226317, 1.5858519822696924, 1.3522500697768873, 1.5338305025098871, 1.6456020418426209, 1.605255471236861, 1.5479309248775075, 1.3414523312761242, 1.4073807056547314, 2.0910159072608296, 1.5650623102747636, 1.6788132713776072, 1.2906421984254082, 1.3414463957912515, 1.2522557688422982, 1.5996320253299823, 1.5103439013899118, 1.5627209985989439, 1.4746183103956298, 1.2882044967515227, 1.8118637692966393, 1.3906861108519095, 1.4762604992160577, 1.2991563219367068, 1.7997704949073265, 1.4918937287927261, 1.5934776904162848, 1.5688069668677762, 1.3663239454777925, 1.7273378880330801, 2.0124027129311544, 1.383973262539852, 1.9214320656501551, 1.6159595155976831, 1.7121317744942282, 1.6822154967964225, 1.4571231104386972, 1.2657491406772106, 1.8144360599537299, 1.6800135265652862, 1.870433754682566, 1.6556195433069725, 1.685251649641146, 1.5671169818406974, 1.7112055464878777, 1.5613482886092536, 1.4974341876440798, 1.221437712585292, 1.2940692274708907, 1.6548231686610093, 1.3581538438169458, 1.7925695737057559, 1.6457365769306798, 1.7266848367662426, 1.6819229063701131, 2.0873909449971877, 1.3334553355724139, 1.4539234837942119, 1.7402513379077515, 1.7787826895941039, 1.2566552184613924, 1.4310998903261072, 1.5737439592965572, 2.0378088274923378, 1.9906460383341242, 1.5890465810480796, 1.5579893499235324, 1.536086016711401, 1.4952584138510996, 1.5056572636085008, 1.5499750426947421, 1.6827919730238299, 1.9984768672164361, 1.5941427315837218, 1.2547268816518047, 1.788234146920191, 1.5386202269657745, 1.5968729773871244, 1.2882402801764223, 1.3888309279015152, 1.5563145643353469, 1.5249890581970018, 1.5874011251222828, 1.6458111915656719, 1.7210352806230325, 1.9458751150313631, 1.5831477442039286, 1.6880298498720721, 1.391753492606618, 1.6087548871090904, 1.4584928082165742, 1.337786605916609, 1.673946599186859, 1.5200824603879191, 1.6944375903402478, 1.6262120107960367, 1.5865062888184946, 1.8172876496057384, 1.7099878193682034, 1.5316028010324219, 1.5335394744949762, 1.5964640382019144, 1.6820195552571531, 1.8630407745780817, 1.9475229244587777, 2.1288966129292497, 1.2361617518755776, 1.5013893101811471, 1.2872618843889716, 1.6090797802562924, 1.6670418130252675, 1.5426499315574391, 1.4792325760768275, 1.6193271185643545, 1.4097032412966788, 1.2952965436981143, 1.9827355893192111, 1.7299597280986365, 1.2586875564630835, 2.1781564778822635, 1.7457210655747581, 1.5811312450596691, 1.5417040232842882, 1.6932141084269341, 1.2598804473436593, 1.2518498418215647, 2.0584184318297636, 1.9963772477175254, 1.6103513636266926, 1.6559965671299606, 1.4280570029759068, 1.5997346445782519, 2.0777965367801081, 1.7248171710905227, 1.3191373023932689, 1.8979969087086954, 1.4702031445269252, 1.6364327284234463, 2.0962145853464049, 1.6095794700917527, 1.9026750375918351, 1.2167964253978167, 1.2406066512306708, 1.7838800067285681, 1.8586406459833189, 1.7527442985528885, 1.594071960321918, 1.6068916836798623, 1.5626187604725603, 2.1846374954741181, 1.6454664826000067, 1.6538788855851476, 1.5890118980393293, 1.7119750113880456, 2.1782227487311401, 1.3392784841253771, 1.2709930910798646, 1.6254102076737855, 1.6646118935112353, 1.5734808126888054, 2.07703342427632, 1.7907382268946181, 1.6813335151488253, 1.4148196473439678, 1.6378938155907572, 1.909149356376578, 1.7121848588491022, 1.590987763512574, 1.6661696565372173, 1.4346678863486941, 1.4661481413590467, 1.6458043197010417, 1.6708847608695578, 1.359011628025236, 1.8469880657594004, 1.4223386445603883, 1.6474289402956315, 1.5674239931134837, 1.6192947714860386, 1.4105697344122519, 2.1063065123535902, 1.6035535646127441, 1.5640372431016947, 1.9066905220353429, 1.7608008182871913, 1.6236410127512682, 1.4725165706408001, 1.6413918048927096, 1.6365350343046994, 2.0592717709547048, 1.6304136356282486, 1.3956129154145549, 1.558632982319194, 1.905137195688188, 2.1796580539300647, 